# Field point coordinates in millimeters X,Y,Z
# OrigPoints
0 : 1.0442095377604126 0.0 7.931558890990483
1 : 0.9043119865745234 0.5221047688802062 7.931558890990483
2 : 0.5221047688802064 0.9043119865745233 7.931558890990483
3 : 6.393728173316644e-17 1.0442095377604126 7.931558890990483
4 : -0.5221047688802061 0.9043119865745234 7.931558890990483
5 : -0.9043119865745234 0.5221047688802062 7.931558890990483
6 : -1.0442095377604126 1.2787456346633288e-16 7.931558890990483
7 : -0.9043119865745235 -0.522104768880206 7.931558890990483
8 : -0.5221047688802067 -0.904311986574523 7.931558890990483
9 : -1.9181184519949932e-16 -1.0442095377604126 7.931558890990483
10 : 0.5221047688802064 -0.9043119865745233 7.931558890990483
11 : 0.904311986574523 -0.5221047688802067 7.931558890990483
12 : 3.0614674589207183 0.0 7.391036260090294
13 : 2.6513085922847344 1.530733729460359 7.391036260090294
14 : 1.5307337294603596 2.6513085922847344 7.391036260090294
15 : 1.8745462511073798e-16 3.0614674589207183 7.391036260090294
16 : -1.5307337294603585 2.6513085922847344 7.391036260090294
17 : -2.6513085922847344 1.530733729460359 7.391036260090294
18 : -3.0614674589207183 3.7490925022147595e-16 7.391036260090294
19 : -2.651308592284735 -1.5307337294603582 7.391036260090294
20 : -1.5307337294603605 -2.6513085922847335 7.391036260090294
21 : -5.623638753322139e-16 -3.0614674589207183 7.391036260090294
22 : 1.5307337294603596 -2.6513085922847344 7.391036260090294
23 : 2.6513085922847335 -1.5307337294603605 7.391036260090294
24 : 4.870091432069765 0.0 6.346826722329881
25 : 4.217622898925354 2.435045716034882 6.346826722329881
26 : 2.435045716034883 4.217622898925353 6.346826722329881
27 : 2.9819724557042773e-16 4.870091432069765 6.346826722329881
28 : -2.4350457160348817 4.217622898925354 6.346826722329881
29 : -4.217622898925354 2.435045716034882 6.346826722329881
30 : -4.870091432069765 5.963944911408555e-16 6.346826722329881
31 : -4.217622898925354 -2.4350457160348813 6.346826722329881
32 : -2.435045716034885 -4.217622898925352 6.346826722329881
33 : -8.945917367112832e-16 -4.870091432069765 6.346826722329881
34 : 2.435045716034883 -4.217622898925353 6.346826722329881
35 : 4.217622898925352 -2.435045716034885 6.346826722329881
36 : 6.346826722329881 0.0 4.870091432069765
37 : 5.496513174955601 3.17341336116494 4.870091432069765
38 : 3.1734133611649415 5.4965131749556 4.870091432069765
39 : 3.886182165387413e-16 6.346826722329881 4.870091432069765
40 : -3.1734133611649393 5.496513174955601 4.870091432069765
41 : -5.496513174955601 3.17341336116494 4.870091432069765
42 : -6.346826722329881 7.772364330774826e-16 4.870091432069765
43 : -5.496513174955602 -3.173413361164939 4.870091432069765
44 : -3.1734133611649433 -5.496513174955599 4.870091432069765
45 : -1.1658546496162239e-15 -6.346826722329881 4.870091432069765
46 : 3.1734133611649415 -5.4965131749556 4.870091432069765
47 : 5.496513174955599 -3.1734133611649433 4.870091432069765
48 : 7.391036260090294 0.0 3.0614674589207187
49 : 6.400825161530125 3.6955181300451465 3.0614674589207187
50 : 3.695518130045148 6.400825161530124 3.0614674589207187
51 : 4.525554982719077e-16 7.391036260090294 3.0614674589207187
52 : -3.695518130045145 6.400825161530125 3.0614674589207187
53 : -6.400825161530125 3.6955181300451465 3.0614674589207187
54 : -7.391036260090294 9.051109965438154e-16 3.0614674589207187
55 : -6.4008251615301255 -3.6955181300451447 3.0614674589207187
56 : -3.69551813004515 -6.400825161530122 3.0614674589207187
57 : -1.3576664948157231e-15 -7.391036260090294 3.0614674589207187
58 : 3.695518130045148 -6.400825161530124 3.0614674589207187
59 : 6.400825161530122 -3.69551813004515 3.0614674589207187
60 : 7.931558890990483 0.0 1.0442095377604137
61 : 6.868931491210088 3.965779445495241 1.0442095377604137
62 : 3.9657794454952424 6.868931491210087 1.0442095377604137
63 : 4.856518706811657e-16 7.931558890990483 1.0442095377604137
64 : -3.9657794454952398 6.868931491210088 1.0442095377604137
65 : -6.868931491210088 3.965779445495241 1.0442095377604137
66 : -7.931558890990483 9.713037413623314e-16 1.0442095377604137
67 : -6.8689314912100885 -3.9657794454952393 1.0442095377604137
68 : -3.965779445495245 -6.868931491210085 1.0442095377604137
69 : -1.456955612043497e-15 -7.931558890990483 1.0442095377604137
70 : 3.9657794454952424 -6.868931491210087 1.0442095377604137
71 : 6.868931491210085 -3.965779445495245 1.0442095377604137
72 : 7.931558890990483 0.0 -1.0442095377604128
73 : 6.868931491210088 3.965779445495241 -1.0442095377604128
74 : 3.9657794454952424 6.868931491210087 -1.0442095377604128
75 : 4.856518706811657e-16 7.931558890990483 -1.0442095377604128
76 : -3.9657794454952398 6.868931491210088 -1.0442095377604128
77 : -6.868931491210088 3.965779445495241 -1.0442095377604128
78 : -7.931558890990483 9.713037413623314e-16 -1.0442095377604128
79 : -6.8689314912100885 -3.9657794454952393 -1.0442095377604128
80 : -3.965779445495245 -6.868931491210085 -1.0442095377604128
81 : -1.456955612043497e-15 -7.931558890990483 -1.0442095377604128
82 : 3.9657794454952424 -6.868931491210087 -1.0442095377604128
83 : 6.868931491210085 -3.965779445495245 -1.0442095377604128
84 : 7.391036260090295 0.0 -3.061467458920716
85 : 6.4008251615301255 3.695518130045147 -3.061467458920716
86 : 3.6955181300451483 6.400825161530125 -3.061467458920716
87 : 4.525554982719078e-16 7.391036260090295 -3.061467458920716
88 : -3.6955181300451456 6.4008251615301255 -3.061467458920716
89 : -6.4008251615301255 3.695518130045147 -3.061467458920716
90 : -7.391036260090295 9.051109965438156e-16 -3.061467458920716
91 : -6.400825161530126 -3.695518130045145 -3.061467458920716
92 : -3.6955181300451505 -6.400825161530123 -3.061467458920716
93 : -1.3576664948157233e-15 -7.391036260090295 -3.061467458920716
94 : 3.6955181300451483 -6.400825161530125 -3.061467458920716
95 : 6.400825161530123 -3.6955181300451505 -3.061467458920716
96 : 6.346826722329881 0.0 -4.870091432069765
97 : 5.496513174955601 3.17341336116494 -4.870091432069765
98 : 3.1734133611649415 5.4965131749556 -4.870091432069765
99 : 3.886182165387413e-16 6.346826722329881 -4.870091432069765
100 : -3.1734133611649393 5.496513174955601 -4.870091432069765
101 : -5.496513174955601 3.17341336116494 -4.870091432069765
102 : -6.346826722329881 7.772364330774826e-16 -4.870091432069765
103 : -5.496513174955602 -3.173413361164939 -4.870091432069765
104 : -3.1734133611649433 -5.496513174955599 -4.870091432069765
105 : -1.1658546496162239e-15 -6.346826722329881 -4.870091432069765
106 : 3.1734133611649415 -5.4965131749556 -4.870091432069765
107 : 5.496513174955599 -3.1734133611649433 -4.870091432069765
108 : 4.870091432069767 0.0 -6.34682672232988
109 : 4.217622898925355 2.435045716034883 -6.34682672232988
110 : 2.435045716034884 4.217622898925355 -6.34682672232988
111 : 2.9819724557042783e-16 4.870091432069767 -6.34682672232988
112 : -2.4350457160348826 4.217622898925355 -6.34682672232988
113 : -4.217622898925355 2.435045716034883 -6.34682672232988
114 : -4.870091432069767 5.963944911408557e-16 -6.34682672232988
115 : -4.217622898925356 -2.435045716034882 -6.34682672232988
116 : -2.4350457160348857 -4.217622898925354 -6.34682672232988
117 : -8.945917367112835e-16 -4.870091432069767 -6.34682672232988
118 : 2.435045716034884 -4.217622898925355 -6.34682672232988
119 : 4.217622898925354 -2.4350457160348857 -6.34682672232988
120 : 3.061467458920719 0.0 -7.391036260090294
121 : 2.6513085922847353 1.5307337294603593 -7.391036260090294
122 : 1.53073372946036 2.651308592284735 -7.391036260090294
123 : 1.8745462511073803e-16 3.061467458920719 -7.391036260090294
124 : -1.530733729460359 2.6513085922847353 -7.391036260090294
125 : -2.6513085922847353 1.5307337294603593 -7.391036260090294
126 : -3.061467458920719 3.7490925022147605e-16 -7.391036260090294
127 : -2.6513085922847357 -1.5307337294603587 -7.391036260090294
128 : -1.530733729460361 -2.6513085922847344 -7.391036260090294
129 : -5.623638753322141e-16 -3.061467458920719 -7.391036260090294
130 : 1.53073372946036 -2.651308592284735 -7.391036260090294
131 : 2.6513085922847344 -1.530733729460361 -7.391036260090294
132 : 1.044209537760416 0.0 -7.931558890990483
133 : 0.9043119865745263 0.5221047688802078 -7.931558890990483
134 : 0.5221047688802081 0.9043119865745262 -7.931558890990483
135 : 6.393728173316665e-17 1.044209537760416 -7.931558890990483
136 : -0.5221047688802077 0.9043119865745263 -7.931558890990483
137 : -0.9043119865745263 0.5221047688802078 -7.931558890990483
138 : -1.044209537760416 1.278745634663333e-16 -7.931558890990483
139 : -0.9043119865745264 -0.5221047688802076 -7.931558890990483
140 : -0.5221047688802084 -0.9043119865745259 -7.931558890990483
141 : -1.9181184519949993e-16 -1.044209537760416 -7.931558890990483
142 : 0.5221047688802081 -0.9043119865745262 -7.931558890990483
143 : 0.9043119865745259 -0.5221047688802084 -7.931558890990483
# MagicRotA
144 : -5.873632201377361 0.0 5.431431189193409
145 : -5.954393338627834 0.5221047688802062 5.317199129167255
146 : -6.175036868873169 0.9043119865745233 5.005111337322545
147 : -6.476441536368977 1.0442095377604126 4.578791485451682
148 : -6.777846203864785 0.9043119865745234 4.152471633580819
149 : -6.99848973411012 0.5221047688802062 3.840383841736109
150 : -7.0792508713605935 1.2787456346633288e-16 3.726151781709955
151 : -6.99848973411012 -0.522104768880206 3.840383841736109
152 : -6.777846203864786 -0.904311986574523 4.152471633580818
153 : -6.476441536368977 -1.0442095377604126 4.578791485451682
154 : -6.175036868873169 -0.9043119865745233 5.005111337322545
155 : -5.954393338627834 -0.5221047688802067 5.317199129167255
156 : -4.26773520350642 0.0 6.7665675369977665
157 : -4.504514877218308 1.530733729460359 6.431656083032682
158 : -5.151408975998768 2.6513085922847344 5.516660974763309
159 : -6.035082748491117 3.0614674589207183 4.266754412528851
160 : -6.918756520983465 2.6513085922847344 3.016847850294394
161 : -7.565650619763926 1.530733729460359 2.1018527420250193
162 : -7.802430293475815 3.7490925022147595e-16 1.7669412880599353
163 : -7.565650619763927 -1.5307337294603582 2.101852742025019
164 : -6.918756520983467 -2.6513085922847335 3.016847850294392
165 : -6.035082748491117 -3.0614674589207183 4.26675441252885
166 : -5.151408975998768 -2.6513085922847344 5.516660974763309
167 : -4.504514877218308 -1.5307337294603605 6.431656083032681
168 : -2.3709991042824057 0.0 7.640573489437297
169 : -2.747661170989156 2.435045716034882 7.107806303653658
170 : -3.7767210745158977 4.217622898925353 5.6522592834872665
171 : -5.18244304474939 4.870091432069765 3.663945077537235
172 : -6.588165014982882 4.217622898925354 1.6756308715872044
173 : -7.617224918509624 2.435045716034882 0.2200838514208118
174 : -7.993886985216375 5.963944911408555e-16 -0.3126833343628275
175 : -7.617224918509624 -2.4350457160348813 0.2200838514208118
176 : -6.588165014982883 -4.217622898925352 1.6756308715872017
177 : -5.182443044749391 -4.870091432069765 3.663945077537234
178 : -3.7767210745158977 -4.217622898925353 5.6522592834872665
179 : -2.7476611709891574 -2.435045716034885 7.107806303653656
180 : -0.3126833343628275 0.0 7.993886985216375
181 : -0.8035588966818719 3.17341336116494 7.299571270885932
182 : -2.1446558731314442 5.4965131749556 5.40266546284168
183 : -3.976628411900062 6.346826722329881 2.811443940466985
184 : -5.808600950668679 5.496513174955601 0.2202224180922906
185 : -7.149697927118252 3.17341336116494 -1.6766833899519622
186 : -7.640573489437297 7.772364330774826e-16 -2.3709991042824057
187 : -7.149697927118253 -3.173413361164939 -1.6766833899519629
188 : -5.808600950668681 -5.496513174955599 0.22022241809228732
189 : -3.9766284119000628 -6.346826722329881 2.8114439404669835
190 : -2.1446558731314442 -5.4965131749556 5.40266546284168
191 : -0.8035588966818733 -3.1734133611649433 7.299571270885929
192 : 1.7669412880599351 0.0 7.802430293475815
193 : 1.1953045884904179 3.6955181300451465 6.993882519119218
194 : -0.36643591820448984 6.400825161530124 4.784888919230258
195 : -2.4998131244689157 7.391036260090294 1.7673475449846983
196 : -4.63319033073334 6.400825161530125 -1.2501938292608592
197 : -6.19493083742825 3.6955181300451465 -3.459187429149822
198 : -6.7665675369977665 9.051109965438154e-16 -4.267735203506419
199 : -6.19493083742825 -3.6955181300451447 -3.459187429149823
200 : -4.633190330733343 -6.400825161530122 -1.2501938292608632
201 : -2.4998131244689166 -7.391036260090294 1.767347544984697
202 : -0.36643591820448984 -6.400825161530124 4.784888919230258
203 : 1.1953045884904163 -3.69551813004515 6.993882519119216
204 : 3.7261517817099543 0.0 7.079250871360594
205 : 3.1127100412913147 3.965779445495241 6.21157223161187
206 : 1.4367560389841136 6.868931491210087 3.8410301031761063
207 : -0.8526397037417276 7.931558890990483 0.6028093349916173
208 : -3.1420354464675677 6.868931491210088 -2.6354114331928704
209 : -4.817989448774771 3.965779445495241 -5.005953561628637
210 : -5.43143118919341 9.713037413623314e-16 -5.873632201377361
211 : -4.817989448774771 -3.9657794454952393 -5.005953561628638
212 : -3.142035446467571 -6.868931491210085 -2.635411433192875
213 : -0.8526397037417287 -7.931558890990483 0.6028093349916156
214 : 1.4367560389841136 -6.868931491210087 3.8410301031761063
215 : 3.1127100412913133 -3.965779445495245 6.211572231611869
216 : 5.431431189193409 0.0 5.873632201377361
217 : 4.81798944877477 3.965779445495241 5.005953561628638
218 : 3.1420354464675686 6.868931491210087 2.635411433192873
219 : 0.8526397037417274 7.931558890990483 -0.6028093349916159
220 : -1.436756038984113 6.868931491210088 -3.8410301031761036
221 : -3.1127100412913156 3.965779445495241 -6.21157223161187
222 : -3.7261517817099548 9.713037413623314e-16 -7.0792508713605935
223 : -3.112710041291316 -3.9657794454952393 -6.21157223161187
224 : -1.4367560389841159 -6.868931491210085 -3.8410301031761076
225 : 0.8526397037417263 -7.931558890990483 -0.6028093349916175
226 : 3.1420354464675686 -6.868931491210087 2.635411433192873
227 : 4.817989448774768 -3.965779445495245 5.005953561628635
228 : 6.766567536997765 0.0 4.2677352035064215
229 : 6.194930837428248 3.695518130045147 3.459187429149824
230 : 4.63319033073334 6.400825161530125 1.2501938292608632
231 : 2.499813124468914 7.391036260090295 -1.767347544984696
232 : 0.36643591820448895 6.4008251615301255 -4.784888919230254
233 : -1.1953045884904205 3.695518130045147 -6.993882519119217
234 : -1.7669412880599378 9.051109965438156e-16 -7.8024302934758145
235 : -1.195304588490421 -3.695518130045145 -6.993882519119218
236 : 0.3664359182044861 -6.400825161530123 -4.784888919230258
237 : 2.499813124468913 -7.391036260090295 -1.7673475449846976
238 : 4.63319033073334 -6.400825161530125 1.2501938292608632
239 : 6.194930837428246 -3.6955181300451505 3.459187429149822
240 : 7.640573489437297 0.0 2.3709991042824057
241 : 7.149697927118252 3.17341336116494 1.6766833899519622
242 : 5.80860095066868 5.4965131749556 -0.22022241809228876
243 : 3.9766284119000623 6.346826722329881 -2.8114439404669844
244 : 2.1446558731314456 5.496513174955601 -5.402665462841679
245 : 0.8035588966818719 3.17341336116494 -7.299571270885932
246 : 0.3126833343628275 7.772364330774826e-16 -7.993886985216375
247 : 0.8035588966818713 -3.173413361164939 -7.299571270885932
248 : 2.1446558731314433 -5.496513174955599 -5.402665462841682
249 : 3.9766284119000614 -6.346826722329881 -2.8114439404669858
250 : 5.80860095066868 -5.4965131749556 -0.22022241809228876
251 : 7.149697927118251 -3.1734133611649433 1.67668338995196
252 : 7.993886985216375 0.0 0.31268333436282947
253 : 7.617224918509624 2.435045716034883 -0.22008385142081055
254 : 6.5881650149828825 4.217622898925355 -1.675630871587202
255 : 5.18244304474939 4.870091432069767 -3.663945077537234
256 : 3.7767210745158972 4.217622898925355 -5.652259283487266
257 : 2.747661170989155 2.435045716034883 -7.107806303653658
258 : 2.370999104282404 5.963944911408557e-16 -7.640573489437298
259 : 2.7476611709891543 -2.435045716034882 -7.107806303653659
260 : 3.7767210745158954 -4.217622898925354 -5.652259283487267
261 : 5.182443044749389 -4.870091432069767 -3.663945077537235
262 : 6.5881650149828825 -4.217622898925355 -1.675630871587202
263 : 7.617224918509623 -2.4350457160348857 -0.22008385142081127
264 : 7.802430293475815 0.0 -1.7669412880599347
265 : 7.565650619763927 1.5307337294603593 -2.1018527420250184
266 : 6.918756520983466 2.651308592284735 -3.0168478502943925
267 : 6.035082748491117 3.061467458920719 -4.266754412528851
268 : 5.151408975998769 2.6513085922847353 -5.516660974763308
269 : 4.504514877218307 1.5307337294603593 -6.431656083032683
270 : 4.267735203506419 3.7490925022147605e-16 -6.766567536997767
271 : 4.504514877218307 -1.5307337294603587 -6.431656083032683
272 : 5.151408975998767 -2.6513085922847344 -5.51666097476331
273 : 6.035082748491117 -3.061467458920719 -4.266754412528852
274 : 6.918756520983466 -2.651308592284735 -3.0168478502943925
275 : 7.565650619763926 -1.530733729460361 -2.1018527420250193
276 : 7.079250871360595 0.0 -3.7261517817099525
277 : 6.998489734110122 0.5221047688802078 -3.8403838417361067
278 : 6.777846203864787 0.9043119865745262 -4.152471633580817
279 : 6.476441536368977 1.044209537760416 -4.578791485451682
280 : 6.1750368688731685 0.9043119865745263 -5.005111337322547
281 : 5.954393338627832 0.5221047688802078 -5.317199129167258
282 : 5.873632201377359 1.278745634663333e-16 -5.431431189193412
283 : 5.954393338627832 -0.5221047688802076 -5.317199129167258
284 : 6.175036868873168 -0.9043119865745259 -5.005111337322547
285 : 6.476441536368977 -1.044209537760416 -4.578791485451682
286 : 6.777846203864787 -0.9043119865745262 -4.152471633580817
287 : 6.998489734110122 -0.5221047688802084 -3.8403838417361067
# MagicRotB
288 : -3.5964436569112165e-16 5.873632201377361 5.431431189193409
289 : 0.5221047688802058 5.954393338627834 5.317199129167255
290 : 0.9043119865745229 6.175036868873169 5.005111337322545
291 : 1.0442095377604121 6.476441536368977 4.578791485451682
292 : 0.9043119865745229 6.777846203864785 4.152471633580819
293 : 0.5221047688802057 6.99848973411012 3.840383841736109
294 : -3.055902164022063e-16 7.0792508713605935 3.726151781709955
295 : -0.5221047688802064 6.99848973411012 3.840383841736109
296 : -0.9043119865745235 6.777846203864786 4.152471633580818
297 : -1.044209537760413 6.476441536368977 4.578791485451682
298 : -0.9043119865745236 6.1750368688731685 5.005111337322545
299 : -0.5221047688802071 5.954393338627834 5.317199129167255
300 : -2.6131478233226986e-16 4.26773520350642 6.7665675369977665
301 : 1.5307337294603587 4.504514877218308 6.431656083032682
302 : 2.651308592284734 5.151408975998768 5.516660974763309
303 : 3.061467458920718 6.035082748491117 4.266754412528851
304 : 2.651308592284734 6.918756520983466 3.016847850294394
305 : 1.5307337294603585 7.565650619763926 2.1018527420250193
306 : -1.0283603541085799e-16 7.802430293475815 1.7669412880599353
307 : -1.5307337294603587 7.565650619763926 2.101852742025019
308 : -2.651308592284734 6.918756520983466 3.016847850294392
309 : -3.0614674589207187 6.035082748491117 4.26675441252885
310 : -2.651308592284735 5.151408975998768 5.516660974763309
311 : -1.5307337294603607 4.504514877218308 6.431656083032681
312 : -1.4517702840056994e-16 2.3709991042824057 7.640573489437297
313 : 2.435045716034882 2.7476611709891565 7.107806303653658
314 : 4.217622898925353 3.776721074515898 5.6522592834872665
315 : 4.870091432069765 5.18244304474939 3.663945077537235
316 : 4.217622898925354 6.5881650149828825 1.6756308715872044
317 : 2.4350457160348817 7.617224918509624 0.2200838514208118
318 : 1.0692625144915643e-16 7.993886985216375 -0.3126833343628275
319 : -2.4350457160348817 7.617224918509624 0.2200838514208118
320 : -4.217622898925352 6.588165014982883 1.6756308715872017
321 : -4.870091432069765 5.18244304474939 3.663945077537234
322 : -4.217622898925353 3.7767210745158972 5.6522592834872665
323 : -2.435045716034885 2.747661170989157 7.107806303653656
324 : -1.914569989975425e-17 0.3126833343628275 7.993886985216375
325 : 3.17341336116494 0.803558896681872 7.299571270885932
326 : 5.4965131749556 2.1446558731314447 5.40266546284168
327 : 6.346826722329881 3.9766284119000623 2.811443940466985
328 : 5.496513174955601 5.808600950668679 0.2202224180922906
329 : 3.1734133611649398 7.149697927118253 -1.6766833899519622
330 : 3.094016909768963e-16 7.640573489437297 -2.3709991042824057
331 : -3.1734133611649393 7.149697927118253 -1.6766833899519629
332 : -5.496513174955599 5.808600950668681 0.22022241809228732
333 : -6.346826722329881 3.9766284119000623 2.8114439404669835
334 : -5.4965131749556 2.144655873131444 5.40266546284168
335 : -3.1734133611649433 0.8035588966818732 7.299571270885929
336 : 1.0819037640946462e-16 -1.7669412880599351 7.802430293475815
337 : 3.6955181300451465 -1.1953045884904177 6.993882519119218
338 : 6.400825161530124 0.36643591820449023 4.784888919230258
339 : 7.391036260090294 2.499813124468916 1.7673475449846983
340 : 6.400825161530125 4.63319033073334 -1.2501938292608592
341 : 3.695518130045146 6.19493083742825 -3.459187429149822
342 : 4.907919165750305e-16 6.7665675369977665 -4.267735203506419
343 : -3.695518130045145 6.19493083742825 -3.459187429149823
344 : -6.400825161530122 4.633190330733343 -1.2501938292608632
345 : -7.391036260090294 2.499813124468916 1.767347544984697
346 : -6.400825161530124 0.36643591820448945 4.784888919230258
347 : -3.69551813004515 -1.1953045884904165 6.993882519119216
348 : 2.281534573594291e-16 -3.7261517817099543 7.079250871360594
349 : 3.965779445495241 -3.1127100412913147 6.21157223161187
350 : 6.868931491210087 -1.4367560389841132 3.8410301031761063
351 : 7.931558890990483 0.852639703741728 0.6028093349916173
352 : 6.868931491210088 3.142035446467568 -2.6354114331928704
353 : 3.9657794454952406 4.817989448774771 -5.005953561628637
354 : 6.387354841305673e-16 5.43143118919341 -5.873632201377361
355 : -3.9657794454952398 4.817989448774771 -5.005953561628638
356 : -6.868931491210085 3.1420354464675704 -2.635411433192875
357 : -7.931558890990483 0.8526397037417283 0.6028093349916156
358 : -6.868931491210087 -1.436756038984114 3.8410301031761063
359 : -3.965779445495245 -3.1127100412913133 6.211572231611869
360 : 3.32568257231764e-16 -5.431431189193409 5.873632201377361
361 : 3.9657794454952415 -4.817989448774769 5.005953561628638
362 : 6.868931491210087 -3.142035446467568 2.635411433192873
363 : 7.931558890990483 -0.8526397037417269 -0.6028093349916159
364 : 6.868931491210088 1.4367560389841132 -3.8410301031761036
365 : 3.965779445495241 3.112710041291316 -6.21157223161187
366 : 7.431502840029022e-16 3.7261517817099548 -7.0792508713605935
367 : -3.9657794454952393 3.112710041291316 -6.21157223161187
368 : -6.868931491210085 1.4367560389841156 -3.8410301031761076
369 : -7.931558890990483 -0.8526397037417268 -0.6028093349916175
370 : -6.868931491210087 -3.142035446467569 2.635411433192873
371 : -3.9657794454952446 -4.817989448774768 5.005953561628635
372 : 4.1431907996878484e-16 -6.766567536997765 4.2677352035064215
373 : 3.6955181300451474 -6.194930837428248 3.459187429149824
374 : 6.400825161530125 -4.633190330733339 1.2501938292608632
375 : 7.391036260090295 -2.4998131244689135 -1.767347544984696
376 : 6.4008251615301255 -0.36643591820448856 -4.784888919230254
377 : 3.695518130045147 1.1953045884904208 -6.993882519119217
378 : 7.969206201343508e-16 1.7669412880599378 -7.8024302934758145
379 : -3.695518130045145 1.1953045884904208 -6.993882519119218
380 : -6.400825161530123 -0.3664359182044865 -4.784888919230258
381 : -7.391036260090295 -2.4998131244689135 -1.7673475449846976
382 : -6.400825161530125 -4.63319033073334 1.2501938292608632
383 : -3.69551813004515 -6.194930837428246 3.459187429149822
384 : 4.678347421005863e-16 -7.640573489437297 2.3709991042824057
385 : 3.1734133611649407 -7.149697927118252 1.6766833899519622
386 : 5.4965131749556 -5.80860095066868 -0.22022241809228876
387 : 6.346826722329881 -3.976628411900062 -2.8114439404669844
388 : 5.496513174955601 -2.144655873131445 -5.402665462841679
389 : 3.17341336116494 -0.8035588966818716 -7.299571270885932
390 : 7.963821329772368e-16 -0.3126833343628275 -7.993886985216375
391 : -3.173413361164939 -0.8035588966818715 -7.299571270885932
392 : -5.496513174955599 -2.144655873131444 -5.402665462841682
393 : -6.346826722329881 -3.976628411900062 -2.8114439404669858
394 : -5.4965131749556 -5.80860095066868 -0.22022241809228876
395 : -3.173413361164943 -7.149697927118251 1.67668338995196
396 : 4.89468239691699e-16 -7.993886985216375 0.31268333436282947
397 : 2.4350457160348835 -7.617224918509624 -0.22008385142081055
398 : 4.217622898925355 -6.5881650149828825 -1.675630871587202
399 : 4.870091432069767 -5.182443044749389 -3.663945077537234
400 : 4.217622898925355 -3.776721074515897 -5.652259283487266
401 : 2.435045716034883 -2.7476611709891547 -7.107806303653658
402 : 7.415715195414255e-16 -2.370999104282404 -7.640573489437298
403 : -2.435045716034882 -2.7476611709891547 -7.107806303653659
404 : -4.217622898925354 -3.776721074515896 -5.652259283487267
405 : -4.870091432069767 -5.182443044749389 -3.663945077537235
406 : -4.217622898925355 -6.5881650149828825 -1.675630871587202
407 : -2.4350457160348853 -7.617224918509623 -0.22008385142081127
408 : 4.777452856323339e-16 -7.802430293475815 -1.7669412880599347
409 : 1.5307337294603598 -7.565650619763927 -2.1018527420250184
410 : 2.6513085922847353 -6.918756520983466 -3.0168478502943925
411 : 3.0614674589207196 -6.035082748491117 -4.266754412528851
412 : 2.6513085922847357 -5.151408975998768 -5.516660974763308
413 : 1.5307337294603596 -4.504514877218307 -6.431656083032683
414 : 6.362240325537459e-16 -4.267735203506419 -6.766567536997767
415 : -1.5307337294603585 -4.504514877218307 -6.431656083032683
416 : -2.651308592284734 -5.151408975998767 -5.51666097476331
417 : -3.0614674589207187 -6.035082748491117 -4.266754412528852
418 : -2.6513085922847344 -6.918756520983467 -3.0168478502943925
419 : -1.5307337294603605 -7.565650619763926 -2.1018527420250193
420 : 4.3346477986853926e-16 -7.079250871360595 -3.7261517817099525
421 : 0.5221047688802083 -6.998489734110122 -3.8403838417361067
422 : 0.9043119865745266 -6.777846203864787 -4.152471633580817
423 : 1.0442095377604164 -6.476441536368977 -4.578791485451682
424 : 0.9043119865745266 -6.1750368688731685 -5.005111337322547
425 : 0.5221047688802082 -5.954393338627832 -5.317199129167258
426 : 4.875189291574548e-16 -5.873632201377359 -5.431431189193412
427 : -0.5221047688802073 -5.954393338627832 -5.317199129167258
428 : -0.9043119865745256 -6.175036868873168 -5.005111337322547
429 : -1.0442095377604155 -6.476441536368977 -4.578791485451682
430 : -0.9043119865745257 -6.777846203864787 -4.152471633580817
431 : -0.522104768880208 -6.998489734110122 -3.8403838417361067
# TransZ
432 : 1.0442095377604126 0.0 15.931558890990484
433 : 0.9043119865745234 0.5221047688802062 15.931558890990484
434 : 0.5221047688802064 0.9043119865745233 15.931558890990484
435 : 6.393728173316644e-17 1.0442095377604126 15.931558890990484
436 : -0.5221047688802061 0.9043119865745234 15.931558890990484
437 : -0.9043119865745234 0.5221047688802062 15.931558890990484
438 : -1.0442095377604126 1.2787456346633288e-16 15.931558890990484
439 : -0.9043119865745235 -0.522104768880206 15.931558890990484
440 : -0.5221047688802067 -0.904311986574523 15.931558890990484
441 : -1.9181184519949932e-16 -1.0442095377604126 15.931558890990484
442 : 0.5221047688802064 -0.9043119865745233 15.931558890990484
443 : 0.904311986574523 -0.5221047688802067 15.931558890990484
444 : 3.0614674589207183 0.0 15.391036260090294
445 : 2.6513085922847344 1.530733729460359 15.391036260090294
446 : 1.5307337294603596 2.6513085922847344 15.391036260090294
447 : 1.8745462511073798e-16 3.0614674589207183 15.391036260090294
448 : -1.5307337294603585 2.6513085922847344 15.391036260090294
449 : -2.6513085922847344 1.530733729460359 15.391036260090294
450 : -3.0614674589207183 3.7490925022147595e-16 15.391036260090294
451 : -2.651308592284735 -1.5307337294603582 15.391036260090294
452 : -1.5307337294603605 -2.6513085922847335 15.391036260090294
453 : -5.623638753322139e-16 -3.0614674589207183 15.391036260090294
454 : 1.5307337294603596 -2.6513085922847344 15.391036260090294
455 : 2.6513085922847335 -1.5307337294603605 15.391036260090294
456 : 4.870091432069765 0.0 14.346826722329881
457 : 4.217622898925354 2.435045716034882 14.346826722329881
458 : 2.435045716034883 4.217622898925353 14.346826722329881
459 : 2.9819724557042773e-16 4.870091432069765 14.346826722329881
460 : -2.4350457160348817 4.217622898925354 14.346826722329881
461 : -4.217622898925354 2.435045716034882 14.346826722329881
462 : -4.870091432069765 5.963944911408555e-16 14.346826722329881
463 : -4.217622898925354 -2.4350457160348813 14.346826722329881
464 : -2.435045716034885 -4.217622898925352 14.346826722329881
465 : -8.945917367112832e-16 -4.870091432069765 14.346826722329881
466 : 2.435045716034883 -4.217622898925353 14.346826722329881
467 : 4.217622898925352 -2.435045716034885 14.346826722329881
468 : 6.346826722329881 0.0 12.870091432069765
469 : 5.496513174955601 3.17341336116494 12.870091432069765
470 : 3.1734133611649415 5.4965131749556 12.870091432069765
471 : 3.886182165387413e-16 6.346826722329881 12.870091432069765
472 : -3.1734133611649393 5.496513174955601 12.870091432069765
473 : -5.496513174955601 3.17341336116494 12.870091432069765
474 : -6.346826722329881 7.772364330774826e-16 12.870091432069765
475 : -5.496513174955602 -3.173413361164939 12.870091432069765
476 : -3.1734133611649433 -5.496513174955599 12.870091432069765
477 : -1.1658546496162239e-15 -6.346826722329881 12.870091432069765
478 : 3.1734133611649415 -5.4965131749556 12.870091432069765
479 : 5.496513174955599 -3.1734133611649433 12.870091432069765
480 : 7.391036260090294 0.0 11.061467458920719
481 : 6.400825161530125 3.6955181300451465 11.061467458920719
482 : 3.695518130045148 6.400825161530124 11.061467458920719
483 : 4.525554982719077e-16 7.391036260090294 11.061467458920719
484 : -3.695518130045145 6.400825161530125 11.061467458920719
485 : -6.400825161530125 3.6955181300451465 11.061467458920719
486 : -7.391036260090294 9.051109965438154e-16 11.061467458920719
487 : -6.4008251615301255 -3.6955181300451447 11.061467458920719
488 : -3.69551813004515 -6.400825161530122 11.061467458920719
489 : -1.3576664948157231e-15 -7.391036260090294 11.061467458920719
490 : 3.695518130045148 -6.400825161530124 11.061467458920719
491 : 6.400825161530122 -3.69551813004515 11.061467458920719
492 : 7.931558890990483 0.0 9.044209537760414
493 : 6.868931491210088 3.965779445495241 9.044209537760414
494 : 3.9657794454952424 6.868931491210087 9.044209537760414
495 : 4.856518706811657e-16 7.931558890990483 9.044209537760414
496 : -3.9657794454952398 6.868931491210088 9.044209537760414
497 : -6.868931491210088 3.965779445495241 9.044209537760414
498 : -7.931558890990483 9.713037413623314e-16 9.044209537760414
499 : -6.8689314912100885 -3.9657794454952393 9.044209537760414
500 : -3.965779445495245 -6.868931491210085 9.044209537760414
501 : -1.456955612043497e-15 -7.931558890990483 9.044209537760414
502 : 3.9657794454952424 -6.868931491210087 9.044209537760414
503 : 6.868931491210085 -3.965779445495245 9.044209537760414
504 : 7.931558890990483 0.0 6.955790462239587
505 : 6.868931491210088 3.965779445495241 6.955790462239587
506 : 3.9657794454952424 6.868931491210087 6.955790462239587
507 : 4.856518706811657e-16 7.931558890990483 6.955790462239587
508 : -3.9657794454952398 6.868931491210088 6.955790462239587
509 : -6.868931491210088 3.965779445495241 6.955790462239587
510 : -7.931558890990483 9.713037413623314e-16 6.955790462239587
511 : -6.8689314912100885 -3.9657794454952393 6.955790462239587
512 : -3.965779445495245 -6.868931491210085 6.955790462239587
513 : -1.456955612043497e-15 -7.931558890990483 6.955790462239587
514 : 3.9657794454952424 -6.868931491210087 6.955790462239587
515 : 6.868931491210085 -3.965779445495245 6.955790462239587
516 : 7.391036260090295 0.0 4.938532541079284
517 : 6.4008251615301255 3.695518130045147 4.938532541079284
518 : 3.6955181300451483 6.400825161530125 4.938532541079284
519 : 4.525554982719078e-16 7.391036260090295 4.938532541079284
520 : -3.6955181300451456 6.4008251615301255 4.938532541079284
521 : -6.4008251615301255 3.695518130045147 4.938532541079284
522 : -7.391036260090295 9.051109965438156e-16 4.938532541079284
523 : -6.400825161530126 -3.695518130045145 4.938532541079284
524 : -3.6955181300451505 -6.400825161530123 4.938532541079284
525 : -1.3576664948157233e-15 -7.391036260090295 4.938532541079284
526 : 3.6955181300451483 -6.400825161530125 4.938532541079284
527 : 6.400825161530123 -3.6955181300451505 4.938532541079284
528 : 6.346826722329881 0.0 3.1299085679302348
529 : 5.496513174955601 3.17341336116494 3.1299085679302348
530 : 3.1734133611649415 5.4965131749556 3.1299085679302348
531 : 3.886182165387413e-16 6.346826722329881 3.1299085679302348
532 : -3.1734133611649393 5.496513174955601 3.1299085679302348
533 : -5.496513174955601 3.17341336116494 3.1299085679302348
534 : -6.346826722329881 7.772364330774826e-16 3.1299085679302348
535 : -5.496513174955602 -3.173413361164939 3.1299085679302348
536 : -3.1734133611649433 -5.496513174955599 3.1299085679302348
537 : -1.1658546496162239e-15 -6.346826722329881 3.1299085679302348
538 : 3.1734133611649415 -5.4965131749556 3.1299085679302348
539 : 5.496513174955599 -3.1734133611649433 3.1299085679302348
540 : 4.870091432069767 0.0 1.6531732776701196
541 : 4.217622898925355 2.435045716034883 1.6531732776701196
542 : 2.435045716034884 4.217622898925355 1.6531732776701196
543 : 2.9819724557042783e-16 4.870091432069767 1.6531732776701196
544 : -2.4350457160348826 4.217622898925355 1.6531732776701196
545 : -4.217622898925355 2.435045716034883 1.6531732776701196
546 : -4.870091432069767 5.963944911408557e-16 1.6531732776701196
547 : -4.217622898925356 -2.435045716034882 1.6531732776701196
548 : -2.4350457160348857 -4.217622898925354 1.6531732776701196
549 : -8.945917367112835e-16 -4.870091432069767 1.6531732776701196
550 : 2.435045716034884 -4.217622898925355 1.6531732776701196
551 : 4.217622898925354 -2.4350457160348857 1.6531732776701196
552 : 3.061467458920719 0.0 0.6089637399097061
553 : 2.6513085922847353 1.5307337294603593 0.6089637399097061
554 : 1.53073372946036 2.651308592284735 0.6089637399097061
555 : 1.8745462511073803e-16 3.061467458920719 0.6089637399097061
556 : -1.530733729460359 2.6513085922847353 0.6089637399097061
557 : -2.6513085922847353 1.5307337294603593 0.6089637399097061
558 : -3.061467458920719 3.7490925022147605e-16 0.6089637399097061
559 : -2.6513085922847357 -1.5307337294603587 0.6089637399097061
560 : -1.530733729460361 -2.6513085922847344 0.6089637399097061
561 : -5.623638753322141e-16 -3.061467458920719 0.6089637399097061
562 : 1.53073372946036 -2.651308592284735 0.6089637399097061
563 : 2.6513085922847344 -1.530733729460361 0.6089637399097061
564 : 1.044209537760416 0.0 0.06844110900951694
565 : 0.9043119865745263 0.5221047688802078 0.06844110900951694
566 : 0.5221047688802081 0.9043119865745262 0.06844110900951694
567 : 6.393728173316665e-17 1.044209537760416 0.06844110900951694
568 : -0.5221047688802077 0.9043119865745263 0.06844110900951694
569 : -0.9043119865745263 0.5221047688802078 0.06844110900951694
570 : -1.044209537760416 1.278745634663333e-16 0.06844110900951694
571 : -0.9043119865745264 -0.5221047688802076 0.06844110900951694
572 : -0.5221047688802084 -0.9043119865745259 0.06844110900951694
573 : -1.9181184519949993e-16 -1.044209537760416 0.06844110900951694
574 : 0.5221047688802081 -0.9043119865745262 0.06844110900951694
575 : 0.9043119865745259 -0.5221047688802084 0.06844110900951694
# MagicRotATransZ
576 : -5.873632201377361 0.0 13.43143118919341
577 : -5.954393338627834 0.5221047688802062 13.317199129167255
578 : -6.175036868873169 0.9043119865745233 13.005111337322546
579 : -6.476441536368977 1.0442095377604126 12.578791485451681
580 : -6.777846203864785 0.9043119865745234 12.15247163358082
581 : -6.99848973411012 0.5221047688802062 11.84038384173611
582 : -7.0792508713605935 1.2787456346633288e-16 11.726151781709955
583 : -6.99848973411012 -0.522104768880206 11.84038384173611
584 : -6.777846203864786 -0.904311986574523 12.152471633580818
585 : -6.476441536368977 -1.0442095377604126 12.578791485451681
586 : -6.175036868873169 -0.9043119865745233 13.005111337322546
587 : -5.954393338627834 -0.5221047688802067 13.317199129167255
588 : -4.26773520350642 0.0 14.766567536997766
589 : -4.504514877218308 1.530733729460359 14.431656083032681
590 : -5.151408975998768 2.6513085922847344 13.516660974763308
591 : -6.035082748491117 3.0614674589207183 12.26675441252885
592 : -6.918756520983465 2.6513085922847344 11.016847850294393
593 : -7.565650619763926 1.530733729460359 10.10185274202502
594 : -7.802430293475815 3.7490925022147595e-16 9.766941288059936
595 : -7.565650619763927 -1.5307337294603582 10.101852742025018
596 : -6.918756520983467 -2.6513085922847335 11.016847850294392
597 : -6.035082748491117 -3.0614674589207183 12.26675441252885
598 : -5.151408975998768 -2.6513085922847344 13.516660974763308
599 : -4.504514877218308 -1.5307337294603605 14.431656083032681
600 : -2.3709991042824057 0.0 15.640573489437298
601 : -2.747661170989156 2.435045716034882 15.107806303653657
602 : -3.7767210745158977 4.217622898925353 13.652259283487266
603 : -5.18244304474939 4.870091432069765 11.663945077537235
604 : -6.588165014982882 4.217622898925354 9.675630871587204
605 : -7.617224918509624 2.435045716034882 8.220083851420812
606 : -7.993886985216375 5.963944911408555e-16 7.687316665637172
607 : -7.617224918509624 -2.4350457160348813 8.220083851420812
608 : -6.588165014982883 -4.217622898925352 9.675630871587202
609 : -5.182443044749391 -4.870091432069765 11.663945077537234
610 : -3.7767210745158977 -4.217622898925353 13.652259283487266
611 : -2.7476611709891574 -2.435045716034885 15.107806303653657
612 : -0.3126833343628275 0.0 15.993886985216374
613 : -0.8035588966818719 3.17341336116494 15.29957127088593
614 : -2.1446558731314442 5.4965131749556 13.40266546284168
615 : -3.976628411900062 6.346826722329881 10.811443940466985
616 : -5.808600950668679 5.496513174955601 8.220222418092291
617 : -7.149697927118252 3.17341336116494 6.323316610048038
618 : -7.640573489437297 7.772364330774826e-16 5.629000895717594
619 : -7.149697927118253 -3.173413361164939 6.323316610048037
620 : -5.808600950668681 -5.496513174955599 8.220222418092288
621 : -3.9766284119000628 -6.346826722329881 10.811443940466983
622 : -2.1446558731314442 -5.4965131749556 13.40266546284168
623 : -0.8035588966818733 -3.1734133611649433 15.299571270885929
624 : 1.7669412880599351 0.0 15.802430293475815
625 : 1.1953045884904179 3.6955181300451465 14.993882519119218
626 : -0.36643591820448984 6.400825161530124 12.784888919230259
627 : -2.4998131244689157 7.391036260090294 9.767347544984698
628 : -4.63319033073334 6.400825161530125 6.749806170739141
629 : -6.19493083742825 3.6955181300451465 4.5408125708501785
630 : -6.7665675369977665 9.051109965438154e-16 3.732264796493581
631 : -6.19493083742825 -3.6955181300451447 4.540812570850177
632 : -4.633190330733343 -6.400825161530122 6.749806170739137
633 : -2.4998131244689166 -7.391036260090294 9.767347544984696
634 : -0.36643591820448984 -6.400825161530124 12.784888919230259
635 : 1.1953045884904163 -3.69551813004515 14.993882519119216
636 : 3.7261517817099543 0.0 15.079250871360594
637 : 3.1127100412913147 3.965779445495241 14.211572231611871
638 : 1.4367560389841136 6.868931491210087 11.841030103176106
639 : -0.8526397037417276 7.931558890990483 8.602809334991617
640 : -3.1420354464675677 6.868931491210088 5.36458856680713
641 : -4.817989448774771 3.965779445495241 2.994046438371363
642 : -5.43143118919341 9.713037413623314e-16 2.1263677986226392
643 : -4.817989448774771 -3.9657794454952393 2.9940464383713623
644 : -3.142035446467571 -6.868931491210085 5.364588566807125
645 : -0.8526397037417287 -7.931558890990483 8.602809334991615
646 : 1.4367560389841136 -6.868931491210087 11.841030103176106
647 : 3.1127100412913133 -3.965779445495245 14.211572231611868
648 : 5.431431189193409 0.0 13.873632201377362
649 : 4.81798944877477 3.965779445495241 13.005953561628637
650 : 3.1420354464675686 6.868931491210087 10.635411433192873
651 : 0.8526397037417274 7.931558890990483 7.3971906650083845
652 : -1.436756038984113 6.868931491210088 4.158969896823896
653 : -3.1127100412913156 3.965779445495241 1.7884277683881296
654 : -3.7261517817099548 9.713037413623314e-16 0.9207491286394065
655 : -3.112710041291316 -3.9657794454952393 1.7884277683881296
656 : -1.4367560389841159 -6.868931491210085 4.158969896823892
657 : 0.8526397037417263 -7.931558890990483 7.397190665008383
658 : 3.1420354464675686 -6.868931491210087 10.635411433192873
659 : 4.817989448774768 -3.965779445495245 13.005953561628635
660 : 6.766567536997765 0.0 12.267735203506422
661 : 6.194930837428248 3.695518130045147 11.459187429149825
662 : 4.63319033073334 6.400825161530125 9.250193829260864
663 : 2.499813124468914 7.391036260090295 6.2326524550153035
664 : 0.36643591820448895 6.4008251615301255 3.215111080769746
665 : -1.1953045884904205 3.695518130045147 1.006117480880783
666 : -1.7669412880599378 9.051109965438156e-16 0.19756970652418548
667 : -1.195304588490421 -3.695518130045145 1.006117480880782
668 : 0.3664359182044861 -6.400825161530123 3.2151110807697423
669 : 2.499813124468913 -7.391036260090295 6.232652455015303
670 : 4.63319033073334 -6.400825161530125 9.250193829260864
671 : 6.194930837428246 -3.6955181300451505 11.459187429149821
672 : 7.640573489437297 0.0 10.370999104282406
673 : 7.149697927118252 3.17341336116494 9.676683389951963
674 : 5.80860095066868 5.4965131749556 7.7797775819077115
675 : 3.9766284119000623 6.346826722329881 5.188556059533015
676 : 2.1446558731314456 5.496513174955601 2.5973345371583214
677 : 0.8035588966818719 3.17341336116494 0.7004287291140683
678 : 0.3126833343628275 7.772364330774826e-16 0.006113014783625026
679 : 0.8035588966818713 -3.173413361164939 0.7004287291140683
680 : 2.1446558731314433 -5.496513174955599 2.597334537158318
681 : 3.9766284119000614 -6.346826722329881 5.188556059533014
682 : 5.80860095066868 -5.4965131749556 7.7797775819077115
683 : 7.149697927118251 -3.1734133611649433 9.67668338995196
684 : 7.993886985216375 0.0 8.312683334362829
685 : 7.617224918509624 2.435045716034883 7.77991614857919
686 : 6.5881650149828825 4.217622898925355 6.324369128412798
687 : 5.18244304474939 4.870091432069767 4.3360549224627665
688 : 3.7767210745158972 4.217622898925355 2.3477407165127344
689 : 2.747661170989155 2.435045716034883 0.8921936963463422
690 : 2.370999104282404 5.963944911408557e-16 0.35942651056270236
691 : 2.7476611709891543 -2.435045716034882 0.8921936963463413
692 : 3.7767210745158954 -4.217622898925354 2.3477407165127326
693 : 5.182443044749389 -4.870091432069767 4.336054922462765
694 : 6.5881650149828825 -4.217622898925355 6.324369128412798
695 : 7.617224918509623 -2.4350457160348857 7.779916148579189
696 : 7.802430293475815 0.0 6.233058711940066
697 : 7.565650619763927 1.5307337294603593 5.898147257974982
698 : 6.918756520983466 2.651308592284735 4.9831521497056075
699 : 6.035082748491117 3.061467458920719 3.733245587471149
700 : 5.151408975998769 2.6513085922847353 2.483339025236692
701 : 4.504514877218307 1.5307337294603593 1.5683439169673168
702 : 4.267735203506419 3.7490925022147605e-16 1.2334324630022326
703 : 4.504514877218307 -1.5307337294603587 1.5683439169673168
704 : 5.151408975998767 -2.6513085922847344 2.48333902523669
705 : 6.035082748491117 -3.061467458920719 3.7332455874711483
706 : 6.918756520983466 -2.651308592284735 4.9831521497056075
707 : 7.565650619763926 -1.530733729460361 5.898147257974981
708 : 7.079250871360595 0.0 4.2738482182900475
709 : 6.998489734110122 0.5221047688802078 4.159616158263893
710 : 6.777846203864787 0.9043119865745262 3.8475283664191826
711 : 6.476441536368977 1.044209537760416 3.4212085145483178
712 : 6.1750368688731685 0.9043119865745263 2.994888662677453
713 : 5.954393338627832 0.5221047688802078 2.682800870832742
714 : 5.873632201377359 1.278745634663333e-16 2.568568810806588
715 : 5.954393338627832 -0.5221047688802076 2.682800870832742
716 : 6.175036868873168 -0.9043119865745259 2.994888662677453
717 : 6.476441536368977 -1.044209537760416 3.4212085145483178
718 : 6.777846203864787 -0.9043119865745262 3.8475283664191826
719 : 6.998489734110122 -0.5221047688802084 4.159616158263893
# MagicRotBTransZ
720 : -3.5964436569112165e-16 5.873632201377361 13.43143118919341
721 : 0.5221047688802058 5.954393338627834 13.317199129167255
722 : 0.9043119865745229 6.175036868873169 13.005111337322546
723 : 1.0442095377604121 6.476441536368977 12.578791485451681
724 : 0.9043119865745229 6.777846203864785 12.15247163358082
725 : 0.5221047688802057 6.99848973411012 11.84038384173611
726 : -3.055902164022063e-16 7.0792508713605935 11.726151781709955
727 : -0.5221047688802064 6.99848973411012 11.84038384173611
728 : -0.9043119865745235 6.777846203864786 12.152471633580818
729 : -1.044209537760413 6.476441536368977 12.578791485451681
730 : -0.9043119865745236 6.1750368688731685 13.005111337322546
731 : -0.5221047688802071 5.954393338627834 13.317199129167255
732 : -2.6131478233226986e-16 4.26773520350642 14.766567536997766
733 : 1.5307337294603587 4.504514877218308 14.431656083032681
734 : 2.651308592284734 5.151408975998768 13.516660974763308
735 : 3.061467458920718 6.035082748491117 12.26675441252885
736 : 2.651308592284734 6.918756520983466 11.016847850294393
737 : 1.5307337294603585 7.565650619763926 10.10185274202502
738 : -1.0283603541085799e-16 7.802430293475815 9.766941288059936
739 : -1.5307337294603587 7.565650619763926 10.101852742025018
740 : -2.651308592284734 6.918756520983466 11.016847850294392
741 : -3.0614674589207187 6.035082748491117 12.26675441252885
742 : -2.651308592284735 5.151408975998768 13.516660974763308
743 : -1.5307337294603607 4.504514877218308 14.431656083032681
744 : -1.4517702840056994e-16 2.3709991042824057 15.640573489437298
745 : 2.435045716034882 2.7476611709891565 15.107806303653657
746 : 4.217622898925353 3.776721074515898 13.652259283487266
747 : 4.870091432069765 5.18244304474939 11.663945077537235
748 : 4.217622898925354 6.5881650149828825 9.675630871587204
749 : 2.4350457160348817 7.617224918509624 8.220083851420812
750 : 1.0692625144915643e-16 7.993886985216375 7.687316665637172
751 : -2.4350457160348817 7.617224918509624 8.220083851420812
752 : -4.217622898925352 6.588165014982883 9.675630871587202
753 : -4.870091432069765 5.18244304474939 11.663945077537234
754 : -4.217622898925353 3.7767210745158972 13.652259283487266
755 : -2.435045716034885 2.747661170989157 15.107806303653657
756 : -1.914569989975425e-17 0.3126833343628275 15.993886985216374
757 : 3.17341336116494 0.803558896681872 15.29957127088593
758 : 5.4965131749556 2.1446558731314447 13.40266546284168
759 : 6.346826722329881 3.9766284119000623 10.811443940466985
760 : 5.496513174955601 5.808600950668679 8.220222418092291
761 : 3.1734133611649398 7.149697927118253 6.323316610048038
762 : 3.094016909768963e-16 7.640573489437297 5.629000895717594
763 : -3.1734133611649393 7.149697927118253 6.323316610048037
764 : -5.496513174955599 5.808600950668681 8.220222418092288
765 : -6.346826722329881 3.9766284119000623 10.811443940466983
766 : -5.4965131749556 2.144655873131444 13.40266546284168
767 : -3.1734133611649433 0.8035588966818732 15.299571270885929
768 : 1.0819037640946462e-16 -1.7669412880599351 15.802430293475815
769 : 3.6955181300451465 -1.1953045884904177 14.993882519119218
770 : 6.400825161530124 0.36643591820449023 12.784888919230259
771 : 7.391036260090294 2.499813124468916 9.767347544984698
772 : 6.400825161530125 4.63319033073334 6.749806170739141
773 : 3.695518130045146 6.19493083742825 4.5408125708501785
774 : 4.907919165750305e-16 6.7665675369977665 3.732264796493581
775 : -3.695518130045145 6.19493083742825 4.540812570850177
776 : -6.400825161530122 4.633190330733343 6.749806170739137
777 : -7.391036260090294 2.499813124468916 9.767347544984696
778 : -6.400825161530124 0.36643591820448945 12.784888919230259
779 : -3.69551813004515 -1.1953045884904165 14.993882519119216
780 : 2.281534573594291e-16 -3.7261517817099543 15.079250871360594
781 : 3.965779445495241 -3.1127100412913147 14.211572231611871
782 : 6.868931491210087 -1.4367560389841132 11.841030103176106
783 : 7.931558890990483 0.852639703741728 8.602809334991617
784 : 6.868931491210088 3.142035446467568 5.36458856680713
785 : 3.9657794454952406 4.817989448774771 2.994046438371363
786 : 6.387354841305673e-16 5.43143118919341 2.1263677986226392
787 : -3.9657794454952398 4.817989448774771 2.9940464383713623
788 : -6.868931491210085 3.1420354464675704 5.364588566807125
789 : -7.931558890990483 0.8526397037417283 8.602809334991615
790 : -6.868931491210087 -1.436756038984114 11.841030103176106
791 : -3.965779445495245 -3.1127100412913133 14.211572231611868
792 : 3.32568257231764e-16 -5.431431189193409 13.873632201377362
793 : 3.9657794454952415 -4.817989448774769 13.005953561628637
794 : 6.868931491210087 -3.142035446467568 10.635411433192873
795 : 7.931558890990483 -0.8526397037417269 7.3971906650083845
796 : 6.868931491210088 1.4367560389841132 4.158969896823896
797 : 3.965779445495241 3.112710041291316 1.7884277683881296
798 : 7.431502840029022e-16 3.7261517817099548 0.9207491286394065
799 : -3.9657794454952393 3.112710041291316 1.7884277683881296
800 : -6.868931491210085 1.4367560389841156 4.158969896823892
801 : -7.931558890990483 -0.8526397037417268 7.397190665008383
802 : -6.868931491210087 -3.142035446467569 10.635411433192873
803 : -3.9657794454952446 -4.817989448774768 13.005953561628635
804 : 4.1431907996878484e-16 -6.766567536997765 12.267735203506422
805 : 3.6955181300451474 -6.194930837428248 11.459187429149825
806 : 6.400825161530125 -4.633190330733339 9.250193829260864
807 : 7.391036260090295 -2.4998131244689135 6.2326524550153035
808 : 6.4008251615301255 -0.36643591820448856 3.215111080769746
809 : 3.695518130045147 1.1953045884904208 1.006117480880783
810 : 7.969206201343508e-16 1.7669412880599378 0.19756970652418548
811 : -3.695518130045145 1.1953045884904208 1.006117480880782
812 : -6.400825161530123 -0.3664359182044865 3.2151110807697423
813 : -7.391036260090295 -2.4998131244689135 6.232652455015303
814 : -6.400825161530125 -4.63319033073334 9.250193829260864
815 : -3.69551813004515 -6.194930837428246 11.459187429149821
816 : 4.678347421005863e-16 -7.640573489437297 10.370999104282406
817 : 3.1734133611649407 -7.149697927118252 9.676683389951963
818 : 5.4965131749556 -5.80860095066868 7.7797775819077115
819 : 6.346826722329881 -3.976628411900062 5.188556059533015
820 : 5.496513174955601 -2.144655873131445 2.5973345371583214
821 : 3.17341336116494 -0.8035588966818716 0.7004287291140683
822 : 7.963821329772368e-16 -0.3126833343628275 0.006113014783625026
823 : -3.173413361164939 -0.8035588966818715 0.7004287291140683
824 : -5.496513174955599 -2.144655873131444 2.597334537158318
825 : -6.346826722329881 -3.976628411900062 5.188556059533014
826 : -5.4965131749556 -5.80860095066868 7.7797775819077115
827 : -3.173413361164943 -7.149697927118251 9.67668338995196
828 : 4.89468239691699e-16 -7.993886985216375 8.312683334362829
829 : 2.4350457160348835 -7.617224918509624 7.77991614857919
830 : 4.217622898925355 -6.5881650149828825 6.324369128412798
831 : 4.870091432069767 -5.182443044749389 4.3360549224627665
832 : 4.217622898925355 -3.776721074515897 2.3477407165127344
833 : 2.435045716034883 -2.7476611709891547 0.8921936963463422
834 : 7.415715195414255e-16 -2.370999104282404 0.35942651056270236
835 : -2.435045716034882 -2.7476611709891547 0.8921936963463413
836 : -4.217622898925354 -3.776721074515896 2.3477407165127326
837 : -4.870091432069767 -5.182443044749389 4.336054922462765
838 : -4.217622898925355 -6.5881650149828825 6.324369128412798
839 : -2.4350457160348853 -7.617224918509623 7.779916148579189
840 : 4.777452856323339e-16 -7.802430293475815 6.233058711940066
841 : 1.5307337294603598 -7.565650619763927 5.898147257974982
842 : 2.6513085922847353 -6.918756520983466 4.9831521497056075
843 : 3.0614674589207196 -6.035082748491117 3.733245587471149
844 : 2.6513085922847357 -5.151408975998768 2.483339025236692
845 : 1.5307337294603596 -4.504514877218307 1.5683439169673168
846 : 6.362240325537459e-16 -4.267735203506419 1.2334324630022326
847 : -1.5307337294603585 -4.504514877218307 1.5683439169673168
848 : -2.651308592284734 -5.151408975998767 2.48333902523669
849 : -3.0614674589207187 -6.035082748491117 3.7332455874711483
850 : -2.6513085922847344 -6.918756520983467 4.9831521497056075
851 : -1.5307337294603605 -7.565650619763926 5.898147257974981
852 : 4.3346477986853926e-16 -7.079250871360595 4.2738482182900475
853 : 0.5221047688802083 -6.998489734110122 4.159616158263893
854 : 0.9043119865745266 -6.777846203864787 3.8475283664191826
855 : 1.0442095377604164 -6.476441536368977 3.4212085145483178
856 : 0.9043119865745266 -6.1750368688731685 2.994888662677453
857 : 0.5221047688802082 -5.954393338627832 2.682800870832742
858 : 4.875189291574548e-16 -5.873632201377359 2.568568810806588
859 : -0.5221047688802073 -5.954393338627832 2.682800870832742
860 : -0.9043119865745256 -6.175036868873168 2.994888662677453
861 : -1.0442095377604155 -6.476441536368977 3.4212085145483178
862 : -0.9043119865745257 -6.777846203864787 3.8475283664191826
863 : -0.522104768880208 -6.998489734110122 4.159616158263893
